INSTRUMENT_TYPE=SBE37
SERIALNO=16238
TCALDATE=17-Mar-25
TA0=-3.146502e-004
TA1= 3.443221e-004
TA2=-6.928978e-006
TA3= 2.670967e-007
CCALDATE=17-Mar-25
CG=-9.915745e-001
CH= 1.235507e-001
CI= 6.416901e-006
CJ= 1.610681e-005
CTCOR= 3.250000e-006
CPCOR=-9.570000e-008
WBOTC=-5.886277e-008
PCALDATE=27-Feb-25
PA0= 4.545053e-001
PA1= 9.064968e-003
PA2=-1.698887e-010
PTCA0= 5.238546e+005
PTCA1= 2.022953e+000
PTCA2= 1.875728e-002
PTCB0= 2.523532e+001
PTCB1= 6.766917e-004
PTCB2= 0.000000e+000
PTEMPA0=-5.858293e+001
PTEMPA1= 5.427317e-002
PTEMPA2=-6.225432e-007
