INSTRUMENT_TYPE=SBE37
SERIALNO=16246
TCALDATE=11-Mar-25
TA0=-1.744679e-004
TA1= 3.202106e-004
TA2=-5.337922e-006
TA3= 2.222037e-007
CCALDATE=11-Mar-25
CG=-9.765990e-001
CH= 1.232149e-001
CI=-1.449182e-004
CJ= 2.730016e-005
CTCOR= 3.250000e-006
CPCOR=-9.570000e-008
WBOTC=-1.183033e-007
PCALDATE=26-Feb-25
PA0= 1.001491e+000
PA1= 8.982440e-003
PA2=-1.660672e-010
PTCA0= 5.238823e+005
PTCA1= 5.811454e+000
PTCA2=-3.190776e-002
PTCB0= 2.519075e+001
PTCB1= 3.491272e-004
PTCB2= 0.000000e+000
PTEMPA0=-5.985247e+001
PTEMPA1= 5.433869e-002
PTEMPA2=-6.419291e-007
