INSTRUMENT_TYPE=SBE37
SERIALNO=16245
TCALDATE=04-Mar-25
TA0=-1.303059e-004
TA1= 3.108122e-004
TA2=-4.674559e-006
TA3= 2.058216e-007
CCALDATE=04-Mar-25
CG=-1.019104e+000
CH= 1.272028e-001
CI= 7.587459e-006
CJ= 1.652389e-005
CTCOR= 3.250000e-006
CPCOR=-9.570000e-008
WBOTC= 2.945722e-007
PCALDATE=26-Feb-25
PA0= 3.537930e-001
PA1= 9.024432e-003
PA2=-1.652799e-010
PTCA0= 5.232826e+005
PTCA1= 1.098919e+000
PTCA2= 2.845281e-002
PTCB0= 2.507013e+001
PTCB1=-1.745636e-004
PTCB2= 0.000000e+000
PTEMPA0=-5.926897e+001
PTEMPA1= 5.462224e-002
PTEMPA2=-7.212061e-007
