INSTRUMENT_TYPE=SBE37
SERIALNO=16240
TCALDATE=20-Mar-25
TA0=-2.163093e-004
TA1= 3.177239e-004
TA2=-4.739961e-006
TA3= 2.098255e-007
CCALDATE=20-Mar-25
CG=-1.003135e+000
CH= 1.291591e-001
CI=-1.570525e-005
CJ= 1.879577e-005
CTCOR= 3.250000e-006
CPCOR=-9.570000e-008
WBOTC= 3.888608e-007
PCALDATE=27-Feb-25
PA0= 1.402313e-001
PA1= 9.129053e-003
PA2=-1.618407e-010
PTCA0= 5.238383e+005
PTCA1= 1.321897e+000
PTCA2=-2.863196e-003
PTCB0= 3.062345e+005
PTCB1= 1.177837e+002
PTCB2=-2.302220e+000
PTEMPA0=-5.866121e+001
PTEMPA1= 5.398023e-002
PTEMPA2=-6.083065e-007
