INSTRUMENT_TYPE=SBE37
SERIALNO=16247
TCALDATE=30-Mar-25
TA0=-1.470617e-004
TA1= 3.133420e-004
TA2=-4.909531e-006
TA3= 2.165984e-007
CCALDATE=30-Mar-25
CG=-9.686508e-001
CH= 1.219248e-001
CI=-8.737369e-005
CJ= 2.227184e-005
CTCOR= 3.250000e-006
CPCOR=-9.570000e-008
WBOTC=-1.477918e-007
PCALDATE=03-Mar-25
PA0= 4.731347e-001
PA1= 9.094856e-003
PA2=-1.681453e-010
PTCA0= 5.241161e+005
PTCA1= 1.225013e+000
PTCA2= 5.113837e-002
PTCB0= 2.511536e+001
PTCB1= 8.728180e-004
PTCB2= 0.000000e+000
PTEMPA0=-6.161739e+001
PTEMPA1= 5.433521e-002
PTEMPA2=-6.955670e-007
