INSTRUMENT_TYPE=SBE37
SERIALNO=16244
TCALDATE=06-Mar-25
TA0=-9.663200e-005
TA1= 2.996712e-004
TA2=-3.701165e-006
TA3= 1.818705e-007
CCALDATE=06-Mar-25
CG=-1.004205e+000
CH= 1.274870e-001
CI=-1.021185e-005
CJ= 1.771072e-005
CTCOR= 3.250000e-006
CPCOR=-9.570000e-008
WBOTC= 1.188202e-007
PCALDATE=26-Feb-25
PA0= 4.154397e-001
PA1= 8.998486e-003
PA2=-1.623448e-010
PTCA0= 5.235619e+005
PTCA1= 2.175773e+000
PTCA2=-5.311134e-004
PTCB0= 2.498300e+001
PTCB1= 3.990025e-004
PTCB2= 0.000000e+000
PTEMPA0=-6.056674e+001
PTEMPA1= 5.467483e-002
PTEMPA2=-6.954251e-007
