INSTRUMENT_TYPE=SBE37
SERIALNO=16243
TCALDATE=04-Mar-25
TA0=-1.513399e-004
TA1= 3.133471e-004
TA2=-4.844293e-006
TA3= 2.128405e-007
CCALDATE=04-Mar-25
CG=-9.873773e-001
CH= 1.271754e-001
CI= 9.004507e-006
CJ= 1.720148e-005
CTCOR= 3.250000e-006
CPCOR=-9.570000e-008
WBOTC=-1.196964e-007
PCALDATE=24-Feb-25
PA0= 7.094506e-001
PA1= 8.999907e-003
PA2=-1.641495e-010
PTCA0= 5.242692e+005
PTCA1= 5.686402e+000
PTCA2=-9.023033e-002
PTCB0= 2.521812e+001
PTCB1= 2.506266e-005
PTCB2= 0.000000e+000
PTEMPA0=-8.249601e+001
PTEMPA1= 4.636570e-002
PTEMPA2=-1.154036e-007
