INSTRUMENT_TYPE=SBE37
SERIALNO=16242
TCALDATE=06-Mar-25
TA0=-1.744348e-004
TA1= 3.107011e-004
TA2=-4.275645e-006
TA3= 1.984248e-007
CCALDATE=06-Mar-25
CG=-1.013553e+000
CH= 1.261990e-001
CI=-3.913704e-005
CJ= 2.002037e-005
CTCOR= 3.250000e-006
CPCOR=-9.570000e-008
WBOTC= 1.470487e-007
PCALDATE=26-Feb-25
PA0= 3.962178e-001
PA1= 9.114518e-003
PA2=-1.600548e-010
PTCA0= 5.241626e+005
PTCA1= 3.699503e+000
PTCA2=-5.925316e-002
PTCB0= 3.064031e+005
PTCB1=-2.752003e+001
PTCB2= 1.316803e+000
PTEMPA0=-5.690169e+001
PTEMPA1= 5.402688e-002
PTEMPA2=-7.292020e-007
