INSTRUMENT_TYPE=SBE37
SERIALNO=16567
TCALDATE=05-Mar-25
TA0=-1.343878e-004
TA1= 3.080073e-004
TA2=-4.340102e-006
TA3= 2.003702e-007
CCALDATE=05-Mar-25
CG=-9.912978e-001
CH= 1.277273e-001
CI=-4.513618e-004
CJ= 5.061104e-005
CTCOR= 3.250000e-006
CPCOR=-9.570000e-008
WBOTC=-1.788566e-007
PCALDATE=26-Feb-25
PA0= 5.555504e-001
PA1= 9.000207e-003
PA2=-1.600444e-010
PTCA0= 5.239177e+005
PTCA1= 4.179029e+000
PTCA2=-5.791453e-002
PTCB0= 3.102623e+005
PTCB1= 2.838034e+001
PTCB2=-4.901579e-001
PTEMPA0=-6.043745e+001
PTEMPA1= 5.479113e-002
PTEMPA2=-8.610356e-007
