INSTRUMENT_TYPE=SBE37
SERIALNO=16564
TCALDATE=04-Mar-25
TA0=-1.448280e-004
TA1= 3.141536e-004
TA2=-4.941652e-006
TA3= 2.150981e-007
CCALDATE=04-Mar-25
CG=-9.845708e-001
CH= 1.242951e-001
CI=-3.053923e-004
CJ= 4.020068e-005
CTCOR= 3.250000e-006
CPCOR=-9.570000e-008
WBOTC= 3.249677e-007
PCALDATE=24-Feb-25
PA0= 2.571933e-001
PA1= 9.038178e-003
PA2=-1.660178e-010
PTCA0= 5.239524e+005
PTCA1=-1.278925e-001
PTCA2= 7.898960e-002
PTCB0= 3.120815e+005
PTCB1= 2.437107e+001
PTCB2=-4.797583e-001
PTEMPA0=-5.958447e+001
PTEMPA1= 5.338414e-002
PTEMPA2=-5.922615e-007
