INSTRUMENT_TYPE=SBE63
SERIALNO=1756
CALDATE=27-Mar-25
SetCalDate=09217
SetA0 =1.051300e+00
SetA1 =-1.500000e-03
SetA2 =4.497970e-01
SetB0 =-2.194602e-01
SetB1 =1.661017e+00
SetC0 =8.792282e-02
SetC1 =3.712482e-03
SetC2 =5.217028e-05
SetTA0 =7.059093e-04
SetTA1 =2.495077e-04
SetTA2 =8.459343e-07
SetTA3 =9.643240e-08
SetE =1.100000e-02
