INSTRUMENT_TYPE=SBE63
SERIALNO=1802
CALDATE=25-Mar-25
SetCalDate=09215
SetA0 =1.051300e+00
SetA1 =-1.500000e-03
SetA2 =4.463876e-01
SetB0 =-2.262844e-01
SetB1 =1.662688e+00
SetC0 =8.926854e-02
SetC1 =3.790733e-03
SetC2 =5.253606e-05
SetTA0 =7.331960e-04
SetTA1 =2.425800e-04
SetTA2 =1.470273e-06
SetTA3 =7.669295e-08
SetE =1.100000e-02
