INSTRUMENT_TYPE=SBE63
SERIALNO=1889
CALDATE=25-Mar-25
SetCalDate=09215
SetA0 =1.051300e+00
SetA1 =-1.500000e-03
SetA2 =4.510739e-01
SetB0 =-2.219602e-01
SetB1 =1.665317e+00
SetC0 =8.894606e-02
SetC1 =3.775855e-03
SetC2 =5.159945e-05
SetTA0 =6.858299e-04
SetTA1 =2.554355e-04
SetTA2 =2.373890e-07
SetTA3 =1.159463e-07
SetE =1.100000e-02
