INSTRUMENT_TYPE=SBE63
SERIALNO=1910
CALDATE=25-Mar-25
SetCalDate=09215
SetA0 =1.051300e+00
SetA1 =-1.500000e-03
SetA2 =4.508596e-01
SetB0 =-2.229399e-01
SetB1 =1.665067e+00
SetC0 =8.947314e-02
SetC1 =3.805179e-03
SetC2 =5.205162e-05
SetTA0 =7.191549e-04
SetTA1 =2.456124e-04
SetTA2 =1.192415e-06
SetTA3 =8.533985e-08
SetE =1.100000e-02
