INSTRUMENT_TYPE=SBE37
SERIALNO=21146
TCALDATE=07-Mar-25
TA0=-2.108058e-004
TA1= 3.198206e-004
TA2=-5.044784e-006
TA3= 2.183784e-007
CCALDATE=07-Mar-25
CG=-9.970476e-001
CH= 1.464187e-001
CI=-2.031863e-004
CJ= 3.876279e-005
CTCOR= 3.250000e-006
CPCOR=-9.570000e-008
WBOTC= 1.276170e-007
PCALDATE=27-Feb-25
PA0= 2.413429e-001
PA1= 9.131470e-003
PA2= 3.100281e-011
PTCA0= 5.232563e+005
PTCA1=-6.975356e+000
PTCA2= 3.615242e-001
PTCB0= 1.024660e+002
PTCB1=-5.666133e-003
PTCB2= 0.000000e+000
PTEMPA0=-9.437263e+001
PTEMPA1= 3.958490e-002
PTEMPA2= 1.205459e-006
