INSTRUMENT_TYPE=SBE37
SERIALNO=21145
TCALDATE=04-Mar-25
TA0=-1.742018e-004
TA1= 3.189523e-004
TA2=-5.228975e-006
TA3= 2.204717e-007
CCALDATE=04-Mar-25
CG=-1.007427e+000
CH= 1.437747e-001
CI=-8.856048e-005
CJ= 2.798619e-005
CTCOR= 3.250000e-006
CPCOR=-9.570000e-008
WBOTC= 1.573759e-007
PCALDATE=24-Feb-25
PA0=-5.425350e-001
PA1= 9.222910e-003
PA2= 4.081844e-011
PTCA0= 5.234528e+005
PTCA1=-9.244110e+000
PTCA2= 2.954908e-001
PTCB0= 1.026713e+002
PTCB1=-2.833067e-003
PTCB2= 0.000000e+000
PTEMPA0=-9.429644e+001
PTEMPA1= 4.038763e-002
PTEMPA2= 1.046742e-006
