INSTRUMENT_TYPE=SBE63
SERIALNO=2320
CALDATE=25-Mar-25
SetCalDate=09215
SetA0 =1.051300e+00
SetA1 =-1.500000e-03
SetA2 =4.202399e-01
SetB0 =-2.260198e-01
SetB1 =1.637014e+00
SetC0 =9.534717e-02
SetC1 =4.045511e-03
SetC2 =5.512059e-05
SetTA0 =7.207027e-04
SetTA1 =2.460387e-04
SetTA2 =1.122775e-06
SetTA3 =8.732490e-08
SetE =1.100000e-02
