INSTRUMENT_TYPE=SBE37
SERIALNO=21147
TCALDATE=17-Feb-22
TA0=-1.034585e-004
TA1= 3.026164e-004
TA2=-3.956003e-006
TA3= 1.878511e-007
CCALDATE=17-Feb-22
CG=-1.012769e+000
CH= 1.414790e-001
CI=-4.406805e-004
CJ= 5.382871e-005
CTCOR= 3.250000e-006
CPCOR=-9.570000e-008
WBOTC= 2.484522e-007
PCALDATE=09-Feb-22
PA0= 4.158380e-001
PA1= 9.190159e-003
PA2= 5.800457e-011
PTCA0= 5.252605e+005
PTCA1=-6.656369e+000
PTCA2= 3.854881e-001
PTCB0= 1.021578e+002
PTCB1= 3.275655e-004
PTCB2= 0.000000e+000
PTEMPA0=-9.363158e+001
PTEMPA1= 3.800162e-002
PTEMPA2= 1.488831e-006
