INSTRUMENT_TYPE=SBE63
SERIALNO=2323
CALDATE=28-Jan-22
SetCalDate=08063
SetA0 =1.051300e+000
SetA1 =-1.500000e-003
SetA2 =4.198183e-001
SetB0 =-2.487104e-001
SetB1 =1.649728e+000
SetC0 =1.004151e-001
SetC1 =4.291927e-003
SetC2 =6.117697e-005
SetTA0 =6.896936e-004
SetTA1 =2.549446e-004
SetTA2 =3.226715e-007
SetTA3 =1.120068e-007
SetE =1.100000e-002
