INSTRUMENT_TYPE=SBE37
SERIALNO=15274
TCALDATE=01-Apr-25
TA0=-1.618158e-004
TA1= 3.139990e-004
TA2=-4.780100e-006
TA3= 2.098139e-007
CCALDATE=01-Apr-25
CG=-9.820850e-001
CH= 1.265232e-001
CI=-9.659106e-005
CJ= 2.497720e-005
CTCOR= 3.250000e-006
CPCOR=-9.570000e-008
WBOTC= 8.969891e-008
PCALDATE=24-Feb-25
PA0= 1.039297e-001
PA1= 9.013986e-003
PA2=-1.827255e-010
PTCA0= 5.242648e+005
PTCA1= 2.727794e+000
PTCA2=-1.121194e-001
PTCB0= 2.527950e+001
PTCB1=-3.000000e-004
PTCB2= 0.000000e+000
PTEMPA0=-6.394961e+001
PTEMPA1= 5.267595e-002
PTEMPA2=-5.515026e-007
