INSTRUMENT_TYPE=SBE37
SERIALNO=16239
TCALDATE=13-Mar-25
TA0=-1.724001e-004
TA1= 3.169407e-004
TA2=-5.046747e-006
TA3= 2.184030e-007
CCALDATE=13-Mar-25
CG=-1.008249e+000
CH= 1.272148e-001
CI= 2.016104e-005
CJ= 1.605044e-005
CTCOR= 3.250000e-006
CPCOR=-9.570000e-008
WBOTC= 2.073412e-007
PCALDATE=26-Feb-25
PA0= 1.595216e-001
PA1= 9.112161e-003
PA2=-1.571583e-010
PTCA0= 5.241365e+005
PTCA1= 3.858024e+000
PTCA2=-9.960949e-002
PTCB0= 3.107923e+005
PTCB1= 2.090306e+002
PTCB2=-3.168466e+000
PTEMPA0=-5.936443e+001
PTEMPA1= 5.359409e-002
PTEMPA2=-6.354650e-007
