INSTRUMENT_TYPE=SBE37
SERIALNO=16241
TCALDATE=07-Mar-25
TA0=-4.266296e-004
TA1= 3.680419e-004
TA2=-8.776643e-006
TA3= 3.187034e-007
CCALDATE=07-Mar-25
CG=-9.776930e-001
CH= 1.283660e-001
CI=-1.972988e-006
CJ= 1.899975e-005
CTCOR= 3.250000e-006
CPCOR=-9.570000e-008
WBOTC= 9.063282e-008
PCALDATE=27-Feb-25
PA0= 5.939648e-001
PA1= 8.926897e-003
PA2=-1.617057e-010
PTCA0= 5.245583e+005
PTCA1= 3.049197e+000
PTCA2=-1.325279e-002
PTCB0= 2.523101e+001
PTCB1=-9.975062e-004
PTCB2= 0.000000e+000
PTEMPA0=-7.651594e+001
PTEMPA1= 4.824002e-002
PTEMPA2=-2.523665e-007
