INSTRUMENT_TYPE=SBE37
SERIALNO=16256
TCALDATE=05-Mar-25
TA0=-1.758027e-004
TA1= 3.168438e-004
TA2=-4.969933e-006
TA3= 2.146401e-007
CCALDATE=05-Mar-25
CG=-9.833591e-001
CH= 1.250472e-001
CI=-1.443977e-004
CJ= 2.766453e-005
CTCOR= 3.250000e-006
CPCOR=-9.570000e-008
WBOTC=-1.187685e-007
PCALDATE=26-Feb-25
PA0=-3.568273e-001
PA1= 8.959324e-003
PA2=-1.547235e-010
PTCA0= 5.242333e+005
PTCA1=-6.975590e-001
PTCA2=-5.529019e-002
PTCB0= 2.498938e+001
PTCB1=-5.250000e-004
PTCB2= 0.000000e+000
PTEMPA0=-5.830907e+001
PTEMPA1= 5.373543e-002
PTEMPA2=-5.260536e-007
