INSTRUMENT_TYPE=SBE37
SERIALNO=16306
TCALDATE=09-Mar-25
TA0=-3.348419e-005
TA1= 2.880172e-004
TA2=-2.899941e-006
TA3= 1.612603e-007
CCALDATE=09-Mar-25
CG=-9.815264e-001
CH= 1.241628e-001
CI=-5.014954e-005
CJ= 2.071426e-005
CTCOR= 3.250000e-006
CPCOR=-9.570000e-008
WBOTC=-1.185633e-007
PCALDATE=27-Feb-25
PA0= 2.724870e-001
PA1= 8.903169e-003
PA2=-1.588147e-010
PTCA0= 5.241904e+005
PTCA1= 5.931311e-001
PTCA2= 3.932213e-002
PTCB0= 2.523775e+001
PTCB1= 3.500000e-004
PTCB2= 0.000000e+000
PTEMPA0=-8.004893e+001
PTEMPA1= 4.583583e-002
PTEMPA2=-7.258168e-008
