INSTRUMENT_TYPE=SBE37
SERIALNO=16565
TCALDATE=12-Mar-25
TA0=-1.316162e-004
TA1= 3.114132e-004
TA2=-4.755470e-006
TA3= 2.098671e-007
CCALDATE=12-Mar-25
CG=-9.827859e-001
CH= 1.332709e-001
CI=-5.080515e-005
CJ= 2.361524e-005
CTCOR= 3.250000e-006
CPCOR=-9.570000e-008
WBOTC= 0.000000e+000
PCALDATE=26-Feb-25
PA0= 6.182875e-001
PA1= 9.043473e-003
PA2=-1.570930e-010
PTCA0= 5.243790e+005
PTCA1= 3.625130e+000
PTCA2=-2.642752e-002
PTCB0= 2.513146e+001
PTCB1=-4.987531e-004
PTCB2= 0.000000e+000
PTEMPA0=-5.989522e+001
PTEMPA1= 5.448857e-002
PTEMPA2=-7.909322e-007
