INSTRUMENT_TYPE=SBE63
SERIALNO=1753
CALDATE=25-Mar-25
SetCalDate=09215
SetA0 =1.051300e+00
SetA1 =-1.500000e-03
SetA2 =4.468149e-01
SetB0 =-2.189915e-01
SetB1 =1.657298e+00
SetC0 =8.797966e-02
SetC1 =3.739859e-03
SetC2 =5.175036e-05
SetTA0 =7.086594e-04
SetTA1 =2.490701e-04
SetTA2 =8.509131e-07
SetTA3 =9.675747e-08
SetE =1.100000e-02
