INSTRUMENT_TYPE=SBE63
SERIALNO=1754
CALDATE=25-Mar-25
SetCalDate=09215
SetA0 =1.051300e+00
SetA1 =-1.500000e-03
SetA2 =4.479226e-01
SetB0 =-2.216072e-01
SetB1 =1.660809e+00
SetC0 =8.870564e-02
SetC1 =3.760657e-03
SetC2 =5.221080e-05
SetTA0 =6.947230e-04
SetTA1 =2.530384e-04
SetTA2 =4.491489e-07
SetTA3 =1.098132e-07
SetE =1.100000e-02
