INSTRUMENT_TYPE=SBE63
SERIALNO=1755
CALDATE=25-Mar-25
SetCalDate=09215
SetA0 =1.051300e+00
SetA1 =-1.500000e-03
SetA2 =4.541140e-01
SetB0 =-2.157862e-01
SetB1 =1.663203e+00
SetC0 =8.892168e-02
SetC1 =3.767435e-03
SetC2 =5.164515e-05
SetTA0 =7.251369e-04
SetTA1 =2.446255e-04
SetTA2 =1.283146e-06
SetTA3 =8.257018e-08
SetE =1.100000e-02
