INSTRUMENT_TYPE=SBE63
SERIALNO=1788
CALDATE=27-Mar-25
SetCalDate=09217
SetA0 =1.051300e+00
SetA1 =-1.500000e-03
SetA2 =4.517320e-01
SetB0 =-2.228732e-01
SetB1 =1.665706e+00
SetC0 =8.844806e-02
SetC1 =3.729905e-03
SetC2 =5.232896e-05
SetTA0 =6.746327e-04
SetTA1 =2.584804e-04
SetTA2 =-4.745775e-08
SetTA3 =1.256549e-07
SetE =1.100000e-02
