INSTRUMENT_TYPE=SBE37
SERIALNO=21148
TCALDATE=20-Mar-25
TA0=-1.697130e-004
TA1= 3.204791e-004
TA2=-5.425724e-006
TA3= 2.255832e-007
CCALDATE=20-Mar-25
CG=-9.728877e-001
CH= 1.393975e-001
CI=-1.837425e-004
CJ= 3.480248e-005
CTCOR= 3.250000e-006
CPCOR=-9.570000e-008
WBOTC= 4.096919e-007
PCALDATE=18-Mar-25
PA0=-1.069115e+000
PA1= 8.967763e-003
PA2= 2.606013e-011
PTCA0= 5.237017e+005
PTCA1=-1.395816e+001
PTCA2= 3.974022e-001
PTCB0= 1.027948e+002
PTCB1=-6.491298e-003
PTCB2= 0.000000e+000
PTEMPA0=-9.336229e+001
PTEMPA1= 3.921565e-002
PTEMPA2= 1.316575e-006
