INSTRUMENT_TYPE=SBE63
SERIALNO=2318
CALDATE=25-Mar-25
SetCalDate=09215
SetA0 =1.051300e+00
SetA1 =-1.500000e-03
SetA2 =4.639665e-01
SetB0 =-2.197653e-01
SetB1 =1.674136e+00
SetC0 =8.930198e-02
SetC1 =3.784236e-03
SetC2 =5.147759e-05
SetTA0 =7.102895e-04
SetTA1 =2.494732e-04
SetTA2 =8.277984e-07
SetTA3 =9.572452e-08
SetE =1.100000e-02
