INSTRUMENT_TYPE=SBE63
SERIALNO=4016
CALDATE=15-Feb-25
SetCalDate=09177
SetA0 =1.051300e+000
SetA1 =-1.500000e-003
SetA2 =4.446644e-001
SetB0 =-2.392409e-001
SetB1 =1.672789e+000
SetC0 =9.813935e-002
SetC1 =4.137805e-003
SetC2 =5.797936e-005
SetTA0 =7.280120e-004
SetTA1 =2.435132e-004
SetTA2 =1.426122e-006
SetTA3 =7.472588e-008
SetE =1.100000e-002
